 0 32 19 20 6 23 25 11 1 3 21 31 2 35 27 20 39 38 7 24 36 10 11 14 3 32 35 36 5 7 11 13 15 18 25 26 39 4 16 18 21 8 28 34 5 32 20 7 8 25 10 27 12 26 36 6 17 18 37 38 32 8 12 31 7 17 20 38 25 28 34 30 36 8 36 25 10 21 26 14 15 9 32 20 22 24 27 28 13 30 31 10 16 24 34 35 33 12 13 11 32 37 34 15 12 33 22 28 35 31 13 34 17 35 22 24 25 27 29 31 14 17 19 36 21 33 25 28 15 19 39 16 32 21 30 17 32 37 39 31 18 35 34 37 26 38 30 31 19 32 22 39 24 25 27 29 20 25 36 34 31 21 33 30 24 23 36 32 22 32 31 23 33 24 36 28 25 32 34 27 28 26 33 34 27 33 39 28 29 29 35 34 30 32 36 31 33 32 33 34 37 35 39 36 37 37 38 39 38 39
 8 4 12 13 7 11 9 9 8 10 8 5 6 10 8 3 4 5 8 8 5 7 3 2 3 5 3 3 2 3 3 2 1 1 2 2 2 3 1 1
adjacency lists:
[ 0  32  19  20  6  23  25  11 ]
[ 1  3  21  31 ]
[ 2  35  27  20  39  38  7  24  36  10  11  14 ]
[ 3  32  35  36  5  7  11  13  15  18  25  26  39 ]
[ 4  16  18  21  8  28  34 ]
[ 5  32  20  7  8  25  10  27  12  26  36 ]
[ 6  17  18  37  38  32  8  12  31 ]
[ 7  17  20  38  25  28  34  30  36 ]
[ 8  36  25  10  21  26  14  15 ]
[ 9  32  20  22  24  27  28  13  30  31 ]
[ 10  16  24  34  35  33  12  13 ]
[ 11  32  37  34  15 ]
[ 12  33  22  28  35  31 ]
[ 13  34  17  35  22  24  25  27  29  31 ]
[ 14  17  19  36  21  33  25  28 ]
[ 15  19  39 ]
[ 16  32  21  30 ]
[ 17  32  37  39  31 ]
[ 18  35  34  37  26  38  30  31 ]
[ 19  32  22  39  24  25  27  29 ]
[ 20  25  36  34  31 ]
[ 21  33  30  24  23  36  32 ]
[ 22  32  31 ]
[ 23  33 ]
[ 24  36  28 ]
[ 25  32  34  27  28 ]
[ 26  33  34 ]
[ 27  33  39 ]
[ 28  29 ]
[ 29  35  34 ]
[ 30  32  36 ]
[ 31  33 ]
[ 32 ]
[ 33 ]
[ 34  37 ]
[ 35  39 ]
[ 36  37 ]
[ 37  38  39 ]
[ 38 ]
[ 39 ]
labels: 0 1 2 3 4 5 6 7 8 9 10 11 12 13 14 15 16 17 18 19 20 21 22 23 24 25 26 27 28 29 30 31 32 33 34 35 36 37 38 39 
