 0 49 73 0 0 29 0 37 0 92 0 60 14 0 99 27 0 0 56 0 0 0 21 0 68 0 57 39 0 0 94 0 0 0 63 0 47 0 22 0 0 0 0 0 0 0 0 0 0 0 0 0 0 0 0 0 0 56 0 0 0 50 0 0 0 89 0 0 0 0 0 0 0 69 0 0 57 0 0 82 0 92 0 0 0 0 0 0 0 0 0 0 0 0 99 0 0 80 0 0 0 0 0 0 0 98 0 0 0 0 0 0 0 0 0 0 0 0 0 0 0 0 0 0 0 0 0
 2 0 1 1 1 2 2 0 1 0 0 1 1 2 0 1 0 0 1 1 1 0 0 0 0 0 0 0 0 0 0 0 0 0 0 0 0 0 1 0 0 1 0 0 1 0 0 0 0 0 0 1 0 1 0 1 1 0 0 0 0 0 0 0 0 0 0 0 1 0 1 0 0 0 0 0 0 1 0 0 0 0 0 0 0 0 0 0 0 0 0 0 0 0 0 0 0 0 0 0
adjacency lists:
[ 0  49 ]
[]
[ 73 ]
[ 0 ]
[ 0 ]
[ 29  0 ]
[ 37  0 ]
[]
[ 92 ]
[]
[]
[ 0 ]
[ 60 ]
[ 14  0 ]
[]
[ 99 ]
[]
[]
[ 27 ]
[ 0 ]
[ 0 ]
[]
[]
[]
[]
[]
[]
[]
[]
[]
[]
[]
[]
[]
[]
[]
[]
[]
[ 56 ]
[]
[]
[ 0 ]
[]
[]
[ 0 ]
[]
[]
[]
[]
[]
[]
[ 0 ]
[]
[ 21 ]
[]
[ 0 ]
[ 68 ]
[]
[]
[]
[]
[]
[]
[]
[]
[]
[]
[]
[ 0 ]
[]
[ 57 ]
[]
[]
[]
[]
[]
[]
[ 39 ]
[]
[]
[]
[]
[]
[]
[]
[]
[]
[]
[]
[]
[]
[]
[]
[]
[]
[]
[]
[]
[]
[]
labels: 0 1 2 0 0 0 0 7 8 9 10 0 12 0 14 15 16 17 18 0 0 21 22 23 24 25 26 27 28 29 30 31 32 33 34 35 36 37 0 39 40 0 42 43 0 45 46 47 48 49 50 0 52 21 54 0 0 57 58 59 60 61 62 63 64 65 66 67 0 69 57 71 72 73 74 75 76 39 78 79 80 81 82 83 84 85 86 87 88 89 90 91 92 93 94 95 96 97 98 99 
