 0 32 33 47 0 0 0 0 24 0 0 0 70 0 0 0 62 0 16 0 0 65 0 46 0 0 0 0 82 0 0 0 0 77 0 0 0 0 0 65 0 85 0 34 68 0 0 0 0 0 40 0 43 0 0 0 0 0 65 0 0 0 69 0 0 0 0 0 0 0 0 0 0 0 0 0 0 0 0 86 63 0 0 0 0 0 72 0 0 0 72 0 0 82 0 0 0 0 0 0 0 0 0 0 0 0 0 0 0 0 0 0 0 0 0 0 97 0 0 0 0 0 98 0 0
 4 1 1 1 2 1 1 2 1 1 2 2 1 2 2 1 1 1 2 1 1 1 2 1 1 1 1 2 2 3 1 1 1 1 2 2 1 1 1 1 2 1 1 2 1 1 1 1 1 1 1 1 1 1 1 1 1 1 1 3 1 1 1 1 2 1 1 2 1 2 1 1 1 1 1 1 1 1 1 1 1 1 1 1 1 1 1 1 1 1 1 2 1 1 1 1 2 1 1 1
adjacency lists:
[ 0  32  33  47 ]
[ 0 ]
[ 0 ]
[ 0 ]
[ 0  24 ]
[ 0 ]
[ 0 ]
[ 0  70 ]
[ 0 ]
[ 0 ]
[ 0  62 ]
[ 0  16 ]
[ 0 ]
[ 0  65 ]
[ 0  46 ]
[ 0 ]
[ 0 ]
[ 0 ]
[ 0  82 ]
[ 0 ]
[ 0 ]
[ 0 ]
[ 0  77 ]
[ 0 ]
[ 0 ]
[ 0 ]
[ 0 ]
[ 0  65 ]
[ 0  85 ]
[ 0  34  68 ]
[ 0 ]
[ 0 ]
[ 0 ]
[ 0 ]
[ 0  40 ]
[ 0  43 ]
[ 0 ]
[ 0 ]
[ 0 ]
[ 0 ]
[ 0  65 ]
[ 0 ]
[ 0 ]
[ 0  69 ]
[ 0 ]
[ 0 ]
[ 0 ]
[ 0 ]
[ 0 ]
[ 0 ]
[ 0 ]
[ 0 ]
[ 0 ]
[ 0 ]
[ 0 ]
[ 0 ]
[ 0 ]
[ 0 ]
[ 0 ]
[ 0  86  63 ]
[ 0 ]
[ 0 ]
[ 0 ]
[ 0 ]
[ 0  72 ]
[ 0 ]
[ 0 ]
[ 0  72 ]
[ 0 ]
[ 0  82 ]
[ 0 ]
[ 0 ]
[ 0 ]
[ 0 ]
[ 0 ]
[ 0 ]
[ 0 ]
[ 0 ]
[ 0 ]
[ 0 ]
[ 0 ]
[ 0 ]
[ 0 ]
[ 0 ]
[ 0 ]
[ 0 ]
[ 0 ]
[ 0 ]
[ 0 ]
[ 0 ]
[ 0 ]
[ 0  97 ]
[ 0 ]
[ 0 ]
[ 0 ]
[ 0 ]
[ 0  98 ]
[ 0 ]
[ 0 ]
[ 0 ]
labels: 0 0 0 0 0 0 0 0 0 0 0 0 0 0 0 0 0 0 0 0 0 0 0 0 0 0 0 0 0 0 0 0 0 0 0 0 0 0 0 0 0 0 0 0 0 0 0 0 0 0 0 0 0 0 0 0 0 0 0 0 0 0 0 0 0 0 0 0 0 0 0 0 0 0 0 0 0 0 0 0 0 0 0 0 0 0 0 0 0 0 0 0 0 0 0 0 0 0 0 0 
